628,774
MouseLeft
628,773
631,761
621,747
946,570
1885,113
1919,51
1915,29
1861,0
1854,0
1840,2
1839,3
MouseLeft
1815,3
1732,40
1259,279
445,631
374,781
334,849
294,882
127,942
115,952
116,937
128,890
118,806
114,793
114,791
114,788
MouseLeft
MouseLeft
MouseLeft
310,710
639,486
647,433
679,424
744,404
818,318
905,233
932,201
939,182
944,175
948,164
950,162
MouseLeft
1023,357
1187,770
1170,895
1177,959
1087,968
1066,976
1060,976
1059,976
MouseLeft
1050,968
867,870
748,827
732,818
690,803
688,802
681,802
MouseLeft
